1.460823138952255249e+02 4.430839453424725889e+02
1.457946059874125808e+02 4.239031948362078310e+02
1.470382456949778884e+02 4.062235003539494187e+02
1.488381931100572899e+02 3.895332067693982481e+02
1.529377604212079689e+02 3.698027236972536684e+02
1.627322426182882964e+02 3.523181587457656860e+02
1.759493300914764404e+02 3.387806934288569778e+02
1.923080719198499366e+02 3.260546072891780227e+02
2.127829002652849510e+02 3.179124859401158005e+02
2.313956618990216896e+02 3.220371191842215239e+02
2.422107362406594575e+02 3.317906670570373535e+02
2.493606045927320167e+02 3.429784141097750307e+02
2.564448746613093704e+02 3.586350035497120530e+02
2.619383815697261184e+02 3.770049682685307175e+02
2.668700536319187790e+02 3.928162888799395205e+02
2.722561857019152285e+02 4.094322268962860107e+02
2.759515780040196091e+02 4.278187634604317964e+02
1.758553448063986480e+02 4.547166916642870547e+02
1.868887770175933838e+02 4.603638099602290481e+02
1.989899854319436372e+02 4.597394777706691116e+02
2.094613243852342919e+02 4.556985316276550293e+02
2.181583704607827485e+02 4.509106895923614502e+02
2.531385642119816453e+02 4.467501945495605469e+02
2.612657072544097900e+02 4.495627185617174746e+02
2.694852181162152647e+02 4.513872007301875442e+02
2.770829426220485061e+02 4.497361319405691802e+02
2.809791399410792678e+02 4.424497935090746523e+02
2.339977718080793068e+02 4.280382028307233213e+02
2.349618675027574852e+02 4.159743779727390915e+02
2.360210204124450684e+02 4.045258408955165237e+02
2.353607020037514985e+02 3.947359526838574766e+02
2.178948862552642822e+02 3.879953031539916992e+02
2.235058651992252976e+02 3.863468089103698730e+02
2.299994253090449661e+02 3.842792857715061814e+02
2.358705769606999070e+02 3.850611342361995071e+02
2.393963459219251320e+02 3.857912907941000640e+02
1.874316521031515776e+02 4.357536099297659575e+02
1.957788566180637986e+02 4.377700536932263731e+02
2.046479187352316842e+02 4.363952365602765440e+02
2.116250053814479202e+02 4.312739668914250046e+02
2.044438692161015183e+02 4.296039000579289109e+02
1.947895227159772560e+02 4.307954745973859190e+02
2.475022513525826753e+02 4.272256703717367827e+02
2.565507181712559372e+02 4.306156679221562058e+02
2.652278665474482864e+02 4.300493539401463181e+02
2.689289056232997268e+02 4.268494038241250337e+02
2.635163007123129546e+02 4.233655741214752197e+02
2.550660186495099708e+02 4.240735742705209077e+02
1.987923579216003418e+02 3.634779111998421968e+02
2.106446680341448143e+02 3.680921388694218308e+02
2.227909357888358102e+02 3.707266746589115769e+02
2.279336249147142723e+02 3.689896600587027251e+02
2.330343173571995408e+02 3.694556624548775972e+02
2.401169891016824067e+02 3.643373501641409575e+02
2.424012622152056053e+02 3.578378370148794829e+02
2.362975783348083496e+02 3.489862798963274599e+02
2.299129722458975777e+02 3.446064603328704834e+02
2.222075857775552095e+02 3.443811827727726609e+02
2.142551481723785400e+02 3.465170031615666062e+02
2.069959621088845552e+02 3.526484902245657622e+02
2.007648047038487107e+02 3.633827487060001999e+02
2.189225512232099220e+02 3.643085037640162795e+02
2.261982086385999366e+02 3.637756110259464890e+02
2.319997422695159912e+02 3.625873384135110200e+02
2.407680334023066848e+02 3.581477300439562441e+02
2.300342726026262596e+02 3.536800505093165725e+02
2.235039988926478713e+02 3.535574485233851760e+02
2.164527768066951126e+02 3.553980000700269102e+02
