1.100655004126684986e+02 1.600261433805738136e+02
1.093553296668188892e+02 1.433343056610652297e+02
1.102715013538088158e+02 1.278527373586382225e+02
1.112880189418792725e+02 1.135872872556958839e+02
1.138663558619362988e+02 9.730138439791542737e+01
1.211359241689954445e+02 8.316725017343247828e+01
1.310179062911442429e+02 7.220336631366185998e+01
1.444920724800654739e+02 6.049104067257471229e+01
1.636260665144239113e+02 5.256124244417463842e+01
1.819339299542563424e+02 5.524370673724584435e+01
1.929341326100485787e+02 6.383954398972647937e+01
2.005426049232482910e+02 7.281377048151833264e+01
2.080584410939897850e+02 8.522526766572678980e+01
2.137011828763144479e+02 1.005243928432464600e+02
2.182877710546765968e+02 1.139903691496167824e+02
2.234014559473310158e+02 1.285496789046696335e+02
2.270768641403743118e+02 1.444954913343702003e+02
1.327607006004878372e+02 1.715115568978445708e+02
1.415795058182307571e+02 1.750923767089843750e+02
1.515173569066183745e+02 1.754571518557412446e+02
1.602955936363765090e+02 1.733716919081551850e+02
1.677024853229522705e+02 1.701289666380201027e+02
1.982330342360905320e+02 1.652070138795035064e+02
2.057551715373992920e+02 1.660360331535339355e+02
2.136304499081202835e+02 1.656374271256582915e+02
2.210737040383475289e+02 1.629786039761134475e+02
2.253589172363281250e+02 1.581713016373770415e+02
1.816108501979283005e+02 1.512787298134394973e+02
1.815257135118756935e+02 1.400142447267259911e+02
1.813281246594020217e+02 1.289972337654658645e+02
1.803680355208260551e+02 1.203538602760859817e+02
1.647237885338919341e+02 1.181274026121411964e+02
1.699051034450531006e+02 1.158205936295645699e+02
1.763190194879259423e+02 1.135357592446463570e+02
1.825241173335484177e+02 1.141559444495609910e+02
1.866242010934012399e+02 1.152927826813289016e+02
1.424351580824170753e+02 1.579604677132197708e+02
1.494552841527121245e+02 1.600213659490857765e+02
1.567757138524736717e+02 1.591894976752145112e+02
1.625404467923300444e+02 1.545671660559518159e+02
1.564717200142996489e+02 1.536252343314034761e+02
1.484143357958112404e+02 1.545583651065826416e+02
1.943666875021798148e+02 1.500210352625165626e+02
2.025671803951263428e+02 1.525551928452082961e+02
2.099247978755406052e+02 1.512245908805302292e+02
2.139653224604470267e+02 1.477987280913761765e+02
2.087481450693947806e+02 1.459989458492823928e+02
2.010898271628788621e+02 1.472415224484034866e+02
1.422287841524396583e+02 1.062908716882978126e+02
1.543158207280295073e+02 1.070647838456290231e+02
1.685047605037689209e+02 1.061750070708138480e+02
1.742784848553793609e+02 1.042925165380750343e+02
1.801910007340567574e+02 1.045639333724975586e+02
1.908288487025669724e+02 1.019042293344225243e+02
1.970441283498491600e+02 9.845127327101570813e+01
1.867749996866498634e+02 8.903040851865495142e+01
1.788037917613983154e+02 8.549734715053014611e+01
1.701194291796003029e+02 8.574078188623701635e+01
1.612496594020298630e+02 8.793744805880956505e+01
1.525482028211866066e+02 9.376029583386011268e+01
1.438154548576899856e+02 1.059164702551705375e+02
1.645037092481340721e+02 1.027880938393729195e+02
1.732626457895551368e+02 1.012543796130589158e+02
1.813040549755096436e+02 1.003242644923073783e+02
1.957426750659942627e+02 9.852399815831864771e+01
1.790199110167366996e+02 9.205327670914786609e+01
1.708000941276550293e+02 9.211355011803763659e+01
1.624052978583744675e+02 9.436281565257482384e+01
