6.489288514001029284e+01 2.481267126628330573e+02
6.821369450432914050e+01 2.188865293775286034e+02
7.358803987503051758e+01 1.921041483197893740e+02
7.852680519648960455e+01 1.674194639750889451e+02
8.571078532082694323e+01 1.408273584502084077e+02
9.771956471034459923e+01 1.193976142747061431e+02
1.112128005708966896e+02 1.055658200127737700e+02
1.299746599197387695e+02 9.469496113913396584e+01
1.600539948599679292e+02 8.827265848432267603e+01
1.922202775137765229e+02 9.507815034048894631e+01
2.163010112217494623e+02 1.070310798372540830e+02
2.362495404652186721e+02 1.215056951386587798e+02
2.525201718466622651e+02 1.436858064787728608e+02
2.613484401702880859e+02 1.706085630144391416e+02
2.666377196993146867e+02 1.951638664518083885e+02
2.712224345888410539e+02 2.216261490413120612e+02
2.736925995690481841e+02 2.506295175552368164e+02
7.603452478136335912e+01 2.744471252986363083e+02
8.584043284824916498e+01 2.824037564141409575e+02
1.003681406293596581e+02 2.851085190091814638e+02
1.144469022750854492e+02 2.830912152699061721e+02
1.274709288733346284e+02 2.793186392102923037e+02
1.799665865216936425e+02 2.804520833151681245e+02
1.937714591707502052e+02 2.849238074166433989e+02
2.094070295606340721e+02 2.877170317513601958e+02
2.266362303325108201e+02 2.858168724605015427e+02
2.407759637832641602e+02 2.772683587755475401e+02
1.533492292676653221e+02 2.535853380475725487e+02
1.520037800925118745e+02 2.362001364571707427e+02
1.500924648557390526e+02 2.185008563995361328e+02
1.498312473297119141e+02 2.033454547609601661e+02
1.375698664528983102e+02 1.910517426899501174e+02
1.437947860445295021e+02 1.891940321241106631e+02
1.529100498471941307e+02 1.868962721143450381e+02
1.629047249385288865e+02 1.889988241195678711e+02
1.711375744683402047e+02 1.908648560387747466e+02
9.542845617021833959e+01 2.541613777705601080e+02
1.038504375730242089e+02 2.594184944970266997e+02
1.169441923413957909e+02 2.599215645108904482e+02
1.297259595053536714e+02 2.531703087942940726e+02
1.179070978164672852e+02 2.498409816196986526e+02
1.043997731889997169e+02 2.494296289171491310e+02
1.849211876732962594e+02 2.538725861140659674e+02
1.965271462031773240e+02 2.608142085756574033e+02
2.097690435137067482e+02 2.608066730499267578e+02
2.208863295146397263e+02 2.555167339869907721e+02
2.099246233531407029e+02 2.505898893901279791e+02
1.955796766281127930e+02 2.507163094111851080e+02
1.222667853491647065e+02 1.556377045767648042e+02
1.321809411730085060e+02 1.617653920309884370e+02
1.454050310679844529e+02 1.657636690139770508e+02
1.530013181141444818e+02 1.638488596507481247e+02
1.607003380911691011e+02 1.656061246054513276e+02
1.766403745923723534e+02 1.608107798440115630e+02
1.923310511452811227e+02 1.539178085327148438e+02
1.768138600758144037e+02 1.490268453870500593e+02
1.654709292820521966e+02 1.455558026177542388e+02
1.543553412301199899e+02 1.450597910199846297e+02
1.435030896323067964e+02 1.457929541724068940e+02
1.336275375911167771e+02 1.497066143580845505e+02
1.247434474400111526e+02 1.562801046371459961e+02
1.446600384031023339e+02 1.566646690368652344e+02
1.542396281106131539e+02 1.565127096176147461e+02
1.645018213817051560e+02 1.563416517802647263e+02
1.886636075973510742e+02 1.547307472229003906e+02
1.645122616631644235e+02 1.568653357369558989e+02
1.545445152010236427e+02 1.566167616162981062e+02
1.448559059415544823e+02 1.571225820268903135e+02
