7.852024115834916529e+01 3.001866532734462680e+02
8.348243716784885748e+01 2.756305791309902133e+02
8.964023729733058587e+01 2.533345680236816406e+02
9.552755887167793958e+01 2.324950239998953521e+02
1.040874248232160255e+02 2.090858465944018008e+02
1.168560425213404983e+02 1.897232372079577090e+02
1.308445646422249808e+02 1.768896369934082031e+02
1.486116264888218268e+02 1.666297614233834565e+02
1.755871880395071685e+02 1.624896844455174119e+02
2.028758098738533988e+02 1.720612162862505556e+02
2.226247401237487793e+02 1.865434324400765718e+02
2.381373138427734375e+02 2.027615298203060092e+02
2.494690890312194540e+02 2.248105140754154831e+02
2.539561815261840536e+02 2.498516669954572649e+02
2.557849085671560943e+02 2.718460149083819033e+02
2.570006880078996687e+02 2.951514439582824707e+02
2.562341944149562210e+02 3.200350214413234085e+02
9.147115046637398450e+01 3.136694211278643252e+02
9.973251158850533216e+01 3.193953120367867768e+02
1.122035348755972706e+02 3.226702780042376162e+02
1.242458972249712161e+02 3.227111119542803408e+02
1.356592279161725685e+02 3.211451923506600679e+02
1.798815753119332328e+02 3.262880670683724702e+02
1.910039205551147461e+02 3.304302795955113083e+02
2.038498788561139747e+02 3.333929833003452927e+02
2.180828651700700789e+02 3.334250727381025285e+02
2.299134147507803618e+02 3.297794203758239746e+02
1.590074241501944243e+02 2.995623985018048643e+02
1.596375797816685065e+02 2.837189944812229783e+02
1.600522584915161133e+02 2.681692172459194126e+02
1.612116931506565436e+02 2.555973061152866990e+02
1.501521667752947167e+02 2.472728001730782807e+02
1.560026276452200591e+02 2.458901556559971482e+02
1.641027435575212792e+02 2.446094555173601464e+02
1.723621714455740630e+02 2.473454425675528512e+02
1.789597261292593657e+02 2.499653119359697655e+02
1.097700202805655323e+02 2.975676606042044341e+02
1.171149834905351810e+02 3.018727368627276064e+02
1.283184908458164841e+02 3.032627658843994141e+02
1.394276631219046294e+02 2.991156303542001069e+02
1.298957288605826079e+02 2.950047204835074126e+02
1.182521409988403320e+02 2.938811518124172153e+02
1.847999138832092285e+02 3.044943933486938477e+02
1.942120887892586723e+02 3.109143377712795200e+02
2.054618026869637504e+02 3.122086829457964541e+02
2.149758770125252738e+02 3.096904095241001755e+02
2.064084916796003029e+02 3.038355763980320603e+02
1.941807299341474220e+02 3.023822789192199707e+02
1.386157947267804786e+02 2.184610483986990630e+02
1.471372207914079979e+02 2.238081715447561919e+02
1.590357595171247169e+02 2.281273199490138950e+02
1.658401590074811622e+02 2.272254550116402925e+02
1.724300481932503715e+02 2.294725698743548037e+02
1.863800967080252349e+02 2.275076509884426059e+02
1.992317085947309181e+02 2.241750251906258882e+02
1.870566049984523147e+02 2.146393480982099504e+02
1.777376074790954590e+02 2.089340371404375674e+02
1.679635244097028419e+02 2.070035567964826555e+02
1.582541597230093657e+02 2.068376133782522857e+02
1.491249563353402152e+02 2.107051155907766997e+02
1.405696424756731346e+02 2.190143692152840913e+02
1.584622746195111915e+02 2.206148285184588076e+02
1.669171727044241607e+02 2.212730834824698150e+02
1.759644159589495018e+02 2.223188507216317475e+02
1.959358816828046486e+02 2.244065636907305361e+02
1.757623367990766212e+02 2.196757600648062407e+02
1.670581526756286621e+02 2.178906207084655762e+02
1.584420093808855370e+02 2.176319719723293247e+02
