8.470149867875235827e+01 1.970796279907226562e+02
8.435983429636274877e+01 1.784783276149204880e+02
8.525965871129717755e+01 1.615330966540745408e+02
8.783271714619228021e+01 1.448401987212044730e+02
9.462934895924159662e+01 1.247484652996063232e+02
1.095375509943280861e+02 1.069106748785291359e+02
1.286414666857038469e+02 9.435363749095370167e+01
1.496936133248465524e+02 8.462362848009377103e+01
1.707961272512163475e+02 7.999413265500749048e+01
1.853883037567138672e+02 8.573216860634943259e+01
1.898707624162946388e+02 9.576823452540804738e+01
1.916302424839564651e+02 1.081930037566593796e+02
1.934189295087541893e+02 1.256448411600930228e+02
1.939972474915640817e+02 1.460302718707493455e+02
1.951340197835649803e+02 1.633763168198721587e+02
1.969113403729029983e+02 1.808560001509530366e+02
1.972626974923270211e+02 1.995323594638279587e+02
1.259553002629961327e+02 2.034107233456202835e+02
1.385574953215462983e+02 2.067034858976091698e+02
1.509478847639901460e+02 2.069185377529689163e+02
1.612926284926278413e+02 2.047204475402832031e+02
1.694709259441920608e+02 2.018527308191571876e+02
1.971400668961661324e+02 2.028525817053658784e+02
2.032195833069937692e+02 2.061106288092477143e+02
2.089044471468244240e+02 2.085957307134355858e+02
2.136172876358032227e+02 2.086610877173287690e+02
2.141714657374790818e+02 2.058951907157897949e+02
1.831548911503383010e+02 1.856791575976780564e+02
1.860772881507873535e+02 1.743630434444972366e+02
1.896884948185511917e+02 1.634856497900826469e+02
1.903520058904375389e+02 1.543107660838535935e+02
1.708486004556928322e+02 1.476895599365234375e+02
1.770665924208504975e+02 1.465102646691458403e+02
1.836100911412920311e+02 1.450993185043334961e+02
1.882895680155072853e+02 1.467256108011518165e+02
1.904117808341979980e+02 1.480223408426557228e+02
1.390485326903207124e+02 1.888951047488621384e+02
1.484093532562255859e+02 1.911077064786638289e+02
1.557222474643162400e+02 1.911476729256766021e+02
1.606205282211303711e+02 1.871993815558297456e+02
1.554760666574750587e+02 1.847638652665274321e+02
1.467466718128749221e+02 1.848991405623299897e+02
1.891102963856288284e+02 1.879593417985098540e+02
1.972503562654767677e+02 1.924327238627842576e+02
2.045145384924752534e+02 1.927450985227312117e+02
2.057640463284083694e+02 1.908363650185721099e+02
2.029242674963815034e+02 1.865210371017456055e+02
1.963138760157993943e+02 1.859158571788242966e+02
1.551930093084062889e+02 1.231401284762791306e+02
1.673327210290091500e+02 1.295257569721766799e+02
1.787890028272356346e+02 1.338556056022644043e+02
1.839054069519042969e+02 1.327344667570931449e+02
1.883550077847071975e+02 1.338874150684901565e+02
1.937637849535260841e+02 1.297322840009416893e+02
1.944933151517595604e+02 1.233213201250348732e+02
1.917039128031049415e+02 1.169565208980015427e+02
1.873484529086521775e+02 1.130892475673130662e+02
1.809358153343200684e+02 1.123156586374555275e+02
1.741199451855250686e+02 1.129283058302742973e+02
1.666464678900582612e+02 1.167405494281223923e+02
1.577447372845240920e+02 1.236798502377101272e+02
1.749176096235002831e+02 1.269173439570835740e+02
1.818372214862278611e+02 1.271585128647940337e+02
1.868862362589154884e+02 1.269325911658150687e+02
1.932327075685773536e+02 1.238363962173461914e+02
1.863840347698756545e+02 1.218071196419851958e+02
1.808251489230564744e+02 1.212496861049107224e+02
1.747186602183750779e+02 1.217512990406581253e+02
