1.275194564206259713e+02 3.921523576463971494e+02
1.291935194901057571e+02 3.663761632783072173e+02
1.327880183288029343e+02 3.424592732701982527e+02
1.353556712695530564e+02 3.197778007643563569e+02
1.377863804272242874e+02 2.937967161791664807e+02
1.414662008285522461e+02 2.716531465734753965e+02
1.459398633411952346e+02 2.547420956747872083e+02
1.558251013755798340e+02 2.383760238374982237e+02
1.790049878529140130e+02 2.285179185186113386e+02
2.102208713122776658e+02 2.359401938574654309e+02
2.384027439526149408e+02 2.511066939490181653e+02
2.619460177421569824e+02 2.669081569058554351e+02
2.808963215010506929e+02 2.885016839504241943e+02
2.908064120837620408e+02 3.140986176899501174e+02
2.963233975682940127e+02 3.363411389078412412e+02
3.013201482636588366e+02 3.602737353188650786e+02
3.043382361275809558e+02 3.862105731964111328e+02
1.143304790769304589e+02 4.077241415296281843e+02
1.179406970569065720e+02 4.127054915428161621e+02
1.273213557515825585e+02 4.141628877776009858e+02
1.372638654708862305e+02 4.121297811780656843e+02
1.473427903311593354e+02 4.085875096321105957e+02
1.922607588086809471e+02 4.086837989262172073e+02
2.046548813411167771e+02 4.122213318007333100e+02
2.198065030234200776e+02 4.138244931357247651e+02
2.371233408791678414e+02 4.115158811977931350e+02
2.534763941083635927e+02 4.043253803934369444e+02
1.685528161866324410e+02 3.821169597761971772e+02
1.646006113461085931e+02 3.657937525340488492e+02
1.604016389165605858e+02 3.503710712024143277e+02
1.596643933568682030e+02 3.375698432922363281e+02
1.553567372049604387e+02 3.297715951374598831e+02
1.598151901108878121e+02 3.274357867922101377e+02
1.679667750086103410e+02 3.250323249953133882e+02
1.782948367936270699e+02 3.267448706626892090e+02
1.873417630876813860e+02 3.285405341557093948e+02
1.273019679614475876e+02 3.876853827748979597e+02
1.314389172962733596e+02 3.919107745715549527e+02
1.425839031083243356e+02 3.915002298355102539e+02
1.544699559892927141e+02 3.846046221596853911e+02
1.433323711667742089e+02 3.818223978451320022e+02
1.326297377858843163e+02 3.824631120818002046e+02
2.012006701060703904e+02 3.838828919274466216e+02
2.102526790073939935e+02 3.901910826819283784e+02
2.219355167661394432e+02 3.900849593707492886e+02
2.347351269040788964e+02 3.848922671590532332e+02
2.233873208590916306e+02 3.800695734705243467e+02
2.099865108898708002e+02 3.803238949094499617e+02
1.446392763682774216e+02 3.010426479748317092e+02
1.489512380872454003e+02 3.072611733845301956e+02
1.610206851959228516e+02 3.103869386400494932e+02
1.692110329355512590e+02 3.085437355722699522e+02
1.782047383444649995e+02 3.099051864487784087e+02
2.001071325029645891e+02 3.061252807208469449e+02
2.216337958744594232e+02 3.005236360686166108e+02
2.010700891358511910e+02 2.828909122603279798e+02
1.859375495229448632e+02 2.750256603104727446e+02
1.725792856897626848e+02 2.735273484502519636e+02
1.607054106848580659e+02 2.754026267187935559e+02
1.523009183066232026e+02 2.834110451425824522e+02
1.464557543482099504e+02 3.007933072362627058e+02
1.609975905418395996e+02 3.030699968338012695e+02
1.713237925257001848e+02 3.028864752224513381e+02
1.844872485569545404e+02 3.026460513387407332e+02
2.187744662421090425e+02 3.005685388020106643e+02
1.857280289105006830e+02 2.859798509052821487e+02
1.728043216296604783e+02 2.842422743524823545e+02
1.621481068474905953e+02 2.860960247857229888e+02
