9.236607457910264429e+01 1.699124856676374122e+02
9.291358874525343481e+01 1.571220421450478568e+02
9.457484471797943115e+01 1.452509136881147072e+02
9.634598973819188927e+01 1.342011873040880232e+02
9.942370213781084942e+01 1.216141433204923317e+02
1.051281151430947460e+02 1.104873504127774879e+02
1.121152827739715576e+02 1.021903334345136329e+02
1.212249110426221677e+02 9.463087477002824244e+01
1.349697019372667626e+02 9.043204893384660181e+01
1.492955263001578317e+02 9.321215452466691431e+01
1.594496906484876604e+02 9.938190736089433130e+01
1.672830030918121338e+02 1.066496889420917853e+02
1.740170780931200341e+02 1.169344892672129959e+02
1.780724415438515962e+02 1.291460067204066604e+02
1.807619375160762161e+02 1.399601139681679740e+02
1.835281757967812837e+02 1.515179083347320557e+02
1.854311484268733636e+02 1.642399253845214844e+02
1.018954278741564110e+02 1.764408830915178612e+02
1.073129900523594529e+02 1.783711864948272705e+02
1.143299456664494187e+02 1.786213896274566650e+02
1.209419223581041649e+02 1.772839108875819534e+02
1.267697646617889404e+02 1.752387442929403960e+02
1.504152973720005662e+02 1.733886244297027588e+02
1.562875400951930374e+02 1.745036858490535110e+02
1.628640521935054153e+02 1.747904342923845604e+02
1.698495703084128365e+02 1.735719595977238328e+02
1.752471392154693604e+02 1.712617897306169539e+02
1.379388363701956735e+02 1.631432987281254441e+02
1.374508128506796822e+02 1.548673756463186919e+02
1.369578578472137451e+02 1.463721465723855033e+02
1.366678615638188035e+02 1.395592815876007080e+02
1.289742801870618791e+02 1.358855592523302107e+02
1.322522722652980178e+02 1.346024804115295410e+02
1.367084794725690813e+02 1.334343500818525001e+02
1.411675534248352051e+02 1.343479145935603469e+02
1.445370424474988909e+02 1.354076603480747849e+02
1.100604181630270944e+02 1.668858001913343116e+02
1.145060343401772656e+02 1.685288602965218843e+02
1.202675547259194531e+02 1.683466968536376953e+02
1.255943138939993702e+02 1.652147324425833403e+02
1.205104431084224217e+02 1.640312274864741653e+02
1.143514405659266941e+02 1.643722961970738083e+02
1.506106114387512207e+02 1.635757392474583298e+02
1.561541113172258690e+02 1.660884412356785447e+02
1.618178722858428955e+02 1.654424907820565522e+02
1.662270398480551705e+02 1.632660170282636329e+02
1.616282803331102684e+02 1.614295767715998977e+02
1.554416398661477388e+02 1.618288278920309722e+02
1.196193859577178955e+02 1.216778117929185896e+02
1.255572111606597900e+02 1.231607664653233201e+02
1.328102011340005220e+02 1.242563408442906052e+02
1.363877680642264068e+02 1.233065950529915824e+02
1.399975289957864106e+02 1.240653553349631011e+02
1.472027797017778710e+02 1.226415614059993118e+02
1.534580684729984910e+02 1.207901162420000105e+02
1.468094554628644914e+02 1.167300943306514114e+02
1.415547801426478713e+02 1.145200614588601127e+02
1.362266786098480225e+02 1.142774176597595215e+02
1.309477667808532715e+02 1.148559427261352539e+02
1.259067834104810544e+02 1.173319628919873878e+02
1.209174753938402489e+02 1.218028962952749907e+02
1.313976921694619477e+02 1.207418366159711525e+02
1.363300577572413772e+02 1.204840570858546585e+02
1.412677700519561768e+02 1.205216205460684478e+02
1.522008585929870605e+02 1.210319864749908447e+02
1.413689820766448975e+02 1.197090632915496826e+02
1.365423333985464751e+02 1.194256935119628906e+02
1.317384821687425926e+02 1.199818591049739211e+02
