8.094565253598348420e+01 2.647981590543474795e+02
8.493756949901580811e+01 2.291511426653181047e+02
9.157970055512018348e+01 1.960553827966962785e+02
9.786144311087471692e+01 1.659640924589974702e+02
1.073799723557063430e+02 1.318531279734202712e+02
1.246292146955217675e+02 1.032314981222152710e+02
1.453741239479609817e+02 8.214303176743646873e+01
1.731780500411987305e+02 6.156370707920621044e+01
2.142864976610456154e+02 5.102998134068081981e+01
2.557699312823158948e+02 6.311674472263882762e+01
2.840815937178475110e+02 8.479160496166775829e+01
3.048800515106746047e+02 1.068912874119622529e+02
3.210414591516766905e+02 1.370457117387226731e+02
3.290508651052202254e+02 1.721963562284197451e+02
3.338996399470738083e+02 2.032411225182669909e+02
3.387762450831276624e+02 2.366879697527204485e+02
3.408026901653834670e+02 2.726735474382128359e+02
1.074225544929504395e+02 2.877628145217895508e+02
1.219232100418635696e+02 2.967541765826089204e+02
1.415493024757930129e+02 2.996038329941885650e+02
1.600219080107552543e+02 2.972070646626608550e+02
1.762985359941209822e+02 2.926600527422768891e+02
2.429273146561213821e+02 2.950789650848934116e+02
2.590254583358764648e+02 3.006852828093937546e+02
2.775368768147059768e+02 3.041120482172284483e+02
2.969750944546290725e+02 3.021053751536778122e+02
3.119557372842515974e+02 2.938387217521667480e+02
2.108850280897957816e+02 2.576276748180389404e+02
2.116508404527391463e+02 2.335582232815878569e+02
2.120728276457105324e+02 2.102526345252990723e+02
2.122662100110734968e+02 1.914865680422101946e+02
1.873806631224495902e+02 1.831043856143951416e+02
1.976851179259163871e+02 1.794942944390433581e+02
2.117973840917859718e+02 1.763837351117815615e+02
2.258279952321733504e+02 1.797712326731000871e+02
2.361076415947505325e+02 1.837615899699075044e+02
1.320385715620858207e+02 2.609996407032012939e+02
1.441659350054604545e+02 2.664572864941188755e+02
1.605664914676121100e+02 2.670865630762917817e+02
1.760224913188389166e+02 2.597372858524322510e+02
1.618777808461870222e+02 2.552586880411420793e+02
1.445076643739427880e+02 2.547541847569601998e+02
2.452434677396501570e+02 2.617462659222738921e+02
2.603446110316685349e+02 2.700739412648337066e+02
2.767509025165012986e+02 2.706772071634020449e+02
2.892018317154475540e+02 2.658533382415771484e+02
2.768380001272473692e+02 2.588695915426526994e+02
2.594707592896052688e+02 2.580355925219399751e+02
1.508687305791037261e+02 1.521616799831390381e+02
1.714756093706403419e+02 1.550171688965388626e+02
1.986965777192796736e+02 1.567367983886173874e+02
2.116210280827113479e+02 1.545572135789054187e+02
2.244312004021235794e+02 1.571350331647055896e+02
2.514221342291150449e+02 1.559953720569610596e+02
2.723239036628178269e+02 1.535030254295893997e+02
2.494563536643981934e+02 1.304023540701185198e+02
2.310765645163399427e+02 1.198846636499677629e+02
2.116872814042227446e+02 1.173325135707855225e+02
1.923296140262058600e+02 1.192866453783852876e+02
1.738049546309879645e+02 1.290082236698695510e+02
1.539526131153106689e+02 1.518498767103467912e+02
1.931255474431173980e+02 1.484282452038356155e+02
2.117773358821868896e+02 1.479053021158491106e+02
2.303452760151454299e+02 1.488348794324057849e+02
2.689837647165570615e+02 1.531550898892539294e+02
2.298277105263301223e+02 1.339979371002742141e+02
2.114737533501216262e+02 1.313332798480987549e+02
1.930443960598536819e+02 1.331929218769073486e+02
