6.061080915587288587e+01 2.180441105025155366e+02
6.150892370087759531e+01 2.010516561099461228e+02
6.390036777087620123e+01 1.852450409616742775e+02
6.615919515064783241e+01 1.707565749032156930e+02
6.986238043648856433e+01 1.552684924602508545e+02
7.716467884608677252e+01 1.430349285602569580e+02
8.568786852700368684e+01 1.358024034500122070e+02
9.759047051838466302e+01 1.307924024036952630e+02
1.159577167374747120e+02 1.278056556837899507e+02
1.354159832000732422e+02 1.304955122130257905e+02
1.501545396532331154e+02 1.354936857904706642e+02
1.616321816444396973e+02 1.424364219733647019e+02
1.710932083129882812e+02 1.543402354036058739e+02
1.762456171853201568e+02 1.698868654114859567e+02
1.790970892224993065e+02 1.843207768712724999e+02
1.817993630000522955e+02 2.000288590022495896e+02
1.830399560928344727e+02 2.171526668412344634e+02
7.038498081479752955e+01 2.328881258964538574e+02
7.658206442424229010e+01 2.362576952661787004e+02
8.502317115238734857e+01 2.379113651003156633e+02
9.320161880765641627e+01 2.373713981083461135e+02
1.006529879570007324e+02 2.355757827077593163e+02
1.307709121704101562e+02 2.358767375946044922e+02
1.384873792103358596e+02 2.380383669308253616e+02
1.474588570594787598e+02 2.389352062770298630e+02
1.571373449734279006e+02 2.372157282148088768e+02
1.652285371507917091e+02 2.329268281800406157e+02
1.152348065376281738e+02 2.219185868671962112e+02
1.145922816821506984e+02 2.119774797303335845e+02
1.139197816848754883e+02 2.020630162784031540e+02
1.138062491416931152e+02 1.935118838037763283e+02
1.049575410570417091e+02 1.863169093132019043e+02
1.092097153663635254e+02 1.852487788881574318e+02
1.151186199869428322e+02 1.840654103415353120e+02
1.211570051056998096e+02 1.853046883855547264e+02
1.259666803904942043e+02 1.864174985885620117e+02
8.116772712979997095e+01 2.223242674555097551e+02
8.626687254224503931e+01 2.255696404320852935e+02
9.353482825415474622e+01 2.257250313758850098e+02
1.005306963920593262e+02 2.215862859998430565e+02
9.407255567823136744e+01 2.200129218101501465e+02
8.639665590013775898e+01 2.198750090599060059e+02
1.328124974795750290e+02 2.212182317461286516e+02
1.396334561620439842e+02 2.253735547065734863e+02
1.470525787217276275e+02 2.250450236456734956e+02
1.533523636545453712e+02 2.215211711611066789e+02
1.472123133114405960e+02 2.192658705030168846e+02
1.390709898812430083e+02 2.195551812308175386e+02
9.246590879985264166e+01 1.680732378278459862e+02
1.006194661685398586e+02 1.707240732737949997e+02
1.105505789348057277e+02 1.724885817936488763e+02
1.155719212804521732e+02 1.714124494961330072e+02
1.205064146178109326e+02 1.725649662017822266e+02
1.313907623972211525e+02 1.710667670113699899e+02
1.411933271544320121e+02 1.689220021792820603e+02
1.305420219557625785e+02 1.665560620852879197e+02
1.228781090463910743e+02 1.652912720952715233e+02
1.156186573164803661e+02 1.652155890464782715e+02
1.086135599272591747e+02 1.652726143428257615e+02
1.015759529386247806e+02 1.664874245098659173e+02
9.417391804286411627e+01 1.685568808828081444e+02
1.089434618268694095e+02 1.681830244745526954e+02
1.159005718912397072e+02 1.679659856387547165e+02
1.229887325423104443e+02 1.683053479194641113e+02
1.395135555948529884e+02 1.694258651052202538e+02
1.222243066515241310e+02 1.707923840795244530e+02
1.156294486863272510e+02 1.705779275212969139e+02
1.092071330887930714e+02 1.707464291027614252e+02
