2.771070205484118105e+02 7.045716811588831661e+02
2.817925324099404634e+02 6.793160496439252256e+02
2.892745534692492129e+02 6.563639600617544829e+02
2.958587312698364258e+02 6.362881367547171294e+02
3.034162782941546084e+02 6.146750357151031494e+02
3.122936153411865234e+02 5.957816680840082881e+02
3.214572901725769043e+02 5.822003522600446104e+02
3.358149175643920898e+02 5.689800527436392485e+02
3.615216685703822463e+02 5.627660241127014160e+02
3.913720198358807920e+02 5.733593393734522579e+02
4.160440382957458496e+02 5.885234021459307314e+02
4.345832849911280960e+02 6.040142665249960601e+02
4.484840010234287888e+02 6.241335227489471436e+02
4.551002901622227341e+02 6.471504263877868652e+02
4.578626700128828020e+02 6.686867760249547246e+02
4.605996997697012603e+02 6.929115524973187803e+02
4.608388368742806733e+02 7.190811408587865117e+02
2.723052506446838379e+02 7.214010951178414643e+02
2.776447802952357620e+02 7.283747974123273252e+02
2.882439483915056826e+02 7.300900440216064453e+02
2.997733271462576568e+02 7.281250398499624907e+02
3.112676986285618455e+02 7.246992167064122441e+02
3.594001498222351074e+02 7.307886774880545318e+02
3.713946948732648252e+02 7.375646758760724424e+02
3.857248383249554990e+02 7.427361315999712588e+02
4.024196858406066895e+02 7.432449502944946289e+02
4.179509164946420015e+02 7.361707255499703706e+02
3.375280303273882510e+02 6.986169209480285645e+02
3.365175870486668259e+02 6.798520840236119511e+02
3.352259637968880952e+02 6.624967927932739258e+02
3.362153734479632021e+02 6.491956753730773926e+02
3.285916040284292876e+02 6.449465411731175664e+02
3.342621603012084961e+02 6.423680379050118745e+02
3.431906852722167969e+02 6.406325868197850468e+02
3.529141960144042969e+02 6.437410765375409483e+02
3.608903183255877138e+02 6.471345871516637089e+02
2.885523684365408599e+02 7.016018914495195986e+02
2.934146603175572068e+02 7.057772189549036739e+02
3.052509471348353713e+02 7.064066426413399995e+02
3.181644239425659180e+02 7.011288725989205659e+02
3.075005332401820510e+02 6.971983399391174316e+02
2.956963760512215913e+02 6.966295174871172549e+02
3.679291334152221680e+02 7.056478225163050411e+02
3.777210613659449905e+02 7.134320327895028413e+02
3.901429487637111038e+02 7.149921548707144439e+02
4.022626713344029099e+02 7.113800530433654785e+02
3.919281977244785935e+02 7.052238821302141787e+02
3.782313310759408296e+02 7.036203759057181060e+02
3.161745574133736909e+02 6.249429394177027461e+02
3.226231384277343750e+02 6.267852047511510136e+02
3.367498104912893950e+02 6.292117293902806523e+02
3.452700879914419829e+02 6.280826198714120210e+02
3.539937149456569045e+02 6.302775185448782622e+02
3.756975044522966982e+02 6.302325004850115420e+02
3.949559670857020706e+02 6.297316318920679805e+02
3.786947537149701475e+02 6.123627572059631348e+02
3.649592461585998535e+02 6.037841464451380489e+02
3.515246840885707229e+02 6.011700018474034550e+02
3.388410286222185732e+02 6.021765188489641787e+02
3.281736749921526552e+02 6.092422569819859746e+02
3.185868645395551084e+02 6.251295473234994233e+02
3.361031575202941895e+02 6.223037617547171294e+02
3.472078033174786924e+02 6.224786030224390743e+02
3.602121088164193452e+02 6.237321462631225586e+02
3.928654317855834961e+02 6.295226125035967470e+02
3.626119055066790224e+02 6.145029562541417363e+02
3.499578556333269717e+02 6.121000746318272832e+02
3.384672153336661040e+02 6.132872369629996001e+02
