1.693649244649069487e+02 3.419418571335928618e+02
1.736663089820316941e+02 3.215906130926949800e+02
1.796471871989114106e+02 3.028454839842660249e+02
1.852559612819126755e+02 2.857217599323817581e+02
1.932437670571463286e+02 2.664970513411930710e+02
2.050207283156258882e+02 2.507865179947444290e+02
2.185835819925580665e+02 2.392660070828029006e+02
2.361324366841997460e+02 2.289514059339251162e+02
2.598194267409188569e+02 2.246962374959673525e+02
2.817865148953029006e+02 2.342861973898751557e+02
2.955336501257760347e+02 2.487946879523140922e+02
3.054189919063023240e+02 2.627664191041674258e+02
3.130158327647617966e+02 2.805848955767495454e+02
3.165786983626229585e+02 3.003380419186183303e+02
3.185326339857919038e+02 3.178427053860255569e+02
3.205112530844552339e+02 3.369531677109854400e+02
3.204217149870736421e+02 3.575017511504037202e+02
1.827025105612618745e+02 3.591793582780020415e+02
1.904324683461870507e+02 3.669202206475393950e+02
2.019468009812491118e+02 3.698415134293692290e+02
2.128882478305271775e+02 3.691517589432852446e+02
2.230973293440682710e+02 3.670504435130528122e+02
2.628221088136945127e+02 3.691077652658734678e+02
2.720193159920828521e+02 3.721931108066013962e+02
2.824847540174212099e+02 3.741168118885585159e+02
2.940326498576573044e+02 3.735212082181658388e+02
3.033461923599243164e+02 3.692447146006992966e+02
2.453381778853280082e+02 3.437582211494445801e+02
2.468763663428170219e+02 3.294253200803484560e+02
2.486167933600289359e+02 3.155121961321149229e+02
2.500926261629377052e+02 3.046579069410051943e+02
2.385748265811375290e+02 2.976315911837986619e+02
2.442520753315516799e+02 2.966470672062465042e+02
2.518823016030447945e+02 2.960625952993120791e+02
2.589702914782932908e+02 2.985400892666407913e+02
2.642149028096880556e+02 3.009596625055585264e+02
1.988371077946254104e+02 3.424822662217276275e+02
2.057679788044520706e+02 3.474856827599661528e+02
2.160578964778355271e+02 3.483486067908150972e+02
2.259884764807565034e+02 3.435943461826869338e+02
2.174639952523367583e+02 3.400236577306475283e+02
2.067698473930358887e+02 3.390049680301121384e+02
2.653535034315926850e+02 3.474740077427455276e+02
2.734961661611284853e+02 3.535477230889456450e+02
2.834421153068542480e+02 3.546389223507472366e+02
2.913355825969151169e+02 3.517538497788565337e+02
2.842958632877894729e+02 3.466479558263506533e+02
2.737578761918204009e+02 3.455540205410548538e+02
2.270443049839564651e+02 2.728760209764752744e+02
2.353345944540841117e+02 2.792285440308706939e+02
2.476888270378112793e+02 2.842374721254620908e+02
2.542515102795192092e+02 2.840659125873020798e+02
2.604688619204929978e+02 2.861374675886971772e+02
2.737333902631487490e+02 2.851698042324611038e+02
2.838524101802281052e+02 2.826353377614702822e+02
2.751890436581202835e+02 2.691398376737322451e+02
2.673885122707911819e+02 2.619072435242788970e+02
2.580646874564034761e+02 2.592238366263253511e+02
2.481475110054016113e+02 2.589730805669512392e+02
2.384229723385402053e+02 2.629955882344927431e+02
2.286566821507045120e+02 2.732080675533839553e+02
2.463869835989815726e+02 2.776099935259137510e+02
2.549991459846496582e+02 2.792285637855529785e+02
2.636577318736485154e+02 2.805588440895080566e+02
2.813612854821341216e+02 2.825064483370099424e+02
2.654713796206883103e+02 2.712812551089695603e+02
2.570603791645594924e+02 2.684766038485935837e+02
2.480393738746643066e+02 2.679464968272617966e+02
