1.237335716485977173e+02 2.965115032536642730e+02
1.236241570370537772e+02 2.652168743950979888e+02
1.265543567282812916e+02 2.363110058648245797e+02
1.299726747785295515e+02 2.097807130473000825e+02
1.380272508008139312e+02 1.804190977811813354e+02
1.567438891615186378e+02 1.553325793572834641e+02
1.808156641210828468e+02 1.372210101400103213e+02
2.115233416216713920e+02 1.197580605915615024e+02
2.485903101989200934e+02 1.069856633799416841e+02
2.788625119413648008e+02 1.120163611003330857e+02
2.954513834203992246e+02 1.251264850412096621e+02
3.045909766129084915e+02 1.399249992881502749e+02
3.131700466700962693e+02 1.622613602876663208e+02
3.192874723161969541e+02 1.903308242389134080e+02
3.248617920875549316e+02 2.159304365771157563e+02
3.323420409475053816e+02 2.439885815211704880e+02
3.368611490385872571e+02 2.744926791191101074e+02
1.833767388207571685e+02 3.231839657511030168e+02
2.030153859002249419e+02 3.306208558082580566e+02
2.231749727725982666e+02 3.323512112413134219e+02
2.401411100796290725e+02 3.291643097400665283e+02
2.539421285220554694e+02 3.234295476504734665e+02
3.060576839787619292e+02 3.170632513250623674e+02
3.185715653896331787e+02 3.196004344395229282e+02
3.312161278724670410e+02 3.196903375898089052e+02
3.426377214023045212e+02 3.150001539502825381e+02
3.478586669308798491e+02 3.054012819017683000e+02
2.775735461711883545e+02 2.880759006908962192e+02
2.796652102129800141e+02 2.679108128547668457e+02
2.822192354202270508e+02 2.486551095417567865e+02
2.813481511729104341e+02 2.328177758966173769e+02
2.499906078066144630e+02 2.249290251731872559e+02
2.598924900463649124e+02 2.216901668480464309e+02
2.714005947113037109e+02 2.181723668915885241e+02
2.815127229009355574e+02 2.191767720835549653e+02
2.878904193469455777e+02 2.207782309395926745e+02
2.038168011052267730e+02 2.982860433714730561e+02
2.185076336179460554e+02 3.039365655013493210e+02
2.320907372065952643e+02 3.024610683917999268e+02
2.422033963203430176e+02 2.926485141345432908e+02
2.315206721850803717e+02 2.907250940459115327e+02
2.162505424703870460e+02 2.923350919314793259e+02
2.971551926476614653e+02 2.867756527832576694e+02
3.116456897939954160e+02 2.932560388020107212e+02
3.246050902775355667e+02 2.919548617771694126e+02
3.296021185602460264e+02 2.849643461704254150e+02
3.223097136020660400e+02 2.807636598178318650e+02
3.093955891472952544e+02 2.822867188794272124e+02
2.103729322978428229e+02 1.968983703000205310e+02
2.333147237641470610e+02 2.031100792203631045e+02
2.584881515162331880e+02 2.050383513654981584e+02
2.684419315883091031e+02 2.021210855756487490e+02
2.781778557981763242e+02 2.027956984043121338e+02
2.939874486582619397e+02 1.961858553886413574e+02
3.009948358535766602e+02 1.873033327034541458e+02
2.883976730959756196e+02 1.724479874542781204e+02
2.773356774193899810e+02 1.657868955135345459e+02
2.634228699547903716e+02 1.659282835551670701e+02
2.480630288124084473e+02 1.692970708097730608e+02
2.316226243632180228e+02 1.785907204832349748e+02
2.126569383484976470e+02 1.969455045631953567e+02
2.514052256175449713e+02 1.963460174969264358e+02
2.663064073153904019e+02 1.949019776412418992e+02
2.786957870210919737e+02 1.932596671240670503e+02
2.978218711103711485e+02 1.879647019250052722e+02
2.767198201928819685e+02 1.793316840784890474e+02
2.642096405029296875e+02 1.789431066172463716e+02
2.500193661962236433e+02 1.819094533920288086e+02
