9.896991201809473182e+01 4.422048780577523530e+02
1.097632432324545846e+02 3.885074294635227830e+02
1.240727469921112061e+02 3.399569990294320405e+02
1.382698426246643066e+02 2.940914102963038204e+02
1.591759578159877151e+02 2.431798655305590273e+02
1.903599176406860352e+02 2.025582796164920865e+02
2.230789912087576568e+02 1.762493530682155551e+02
2.632589577266148240e+02 1.569067875317165317e+02
3.225389454024178804e+02 1.524236994470868467e+02
3.804806251525878906e+02 1.733634035246712983e+02
4.206271209716796875e+02 2.042620823723929107e+02
4.526651745523725481e+02 2.392541496753692627e+02
4.751816889217922153e+02 2.871782100200653076e+02
4.821603059768676758e+02 3.417069067273821474e+02
4.837562153679983794e+02 3.892592910357884080e+02
4.840943025180271206e+02 4.396730655261448533e+02
4.805713932854788482e+02 4.934028029441833496e+02
1.323219150815691307e+02 4.676066564832414656e+02
1.512761401448931053e+02 4.742034097399030657e+02
1.774171104431152344e+02 4.807186608995710344e+02
2.030434687478201852e+02 4.824447892733982712e+02
2.260261855125427246e+02 4.808516927446638078e+02
3.154622563634599715e+02 4.925996952738080950e+02
3.383781971931457520e+02 5.008767674309866607e+02
3.651250675065176665e+02 5.068362300736563384e+02
3.950462412152971297e+02 5.082460650716509463e+02
4.195272681372506440e+02 5.075189992359706253e+02
2.735392842973981828e+02 4.485491591862269729e+02
2.763068099703107805e+02 4.165690411158970505e+02
2.786822840826852143e+02 3.823531938280378313e+02
2.821079013688223540e+02 3.549272418022155762e+02
2.599280086244855852e+02 3.344444978577749907e+02
2.727092062405177444e+02 3.316029395375933291e+02
2.905971200806753814e+02 3.297186999320983887e+02
3.082171028682163865e+02 3.367493194852556826e+02
3.222867805617196382e+02 3.433105219432286503e+02
1.721357367379324899e+02 4.412748133795602143e+02
1.879365303175789848e+02 4.508312651770455659e+02
2.092331369944981247e+02 4.553915296963282913e+02
2.311542463983808489e+02 4.474505827767508208e+02
2.126713057926722854e+02 4.390668582235063582e+02
1.897080899647303909e+02 4.356698895863124221e+02
3.267255719729832322e+02 4.603544826507568359e+02
3.455573075158255278e+02 4.740066748346601457e+02
3.677918028831481934e+02 4.755712645394461333e+02
3.873274867875235259e+02 4.713375993456159563e+02
3.701196001597813279e+02 4.606647484643118560e+02
3.457181606973920793e+02 4.572607594898768753e+02
2.376752178328378022e+02 2.678444967269897461e+02
2.585824912616184861e+02 2.787252157756261113e+02
2.841685712678091704e+02 2.877643372671944917e+02
2.986981401443481445e+02 2.864110195296151460e+02
3.121680162974766404e+02 2.920001534734453799e+02
3.422347733633858979e+02 2.927237682342529297e+02
3.724327185494558989e+02 2.909472919872828243e+02
3.448780130658830672e+02 2.737081329481942475e+02
3.251371793065752058e+02 2.626045831952776552e+02
3.043136535372053117e+02 2.579244056429181455e+02
2.836943084853036225e+02 2.555438731057303130e+02
2.633419253485543550e+02 2.598030667986188291e+02
2.422056754657200486e+02 2.696197438240051270e+02
2.825926828384399414e+02 2.740361505235944151e+02
3.014102358818054199e+02 2.762695396287100493e+02
3.206004813739231736e+02 2.802971567426409365e+02
3.659395920889718354e+02 2.913470966475350679e+02
3.203118438720703125e+02 2.813778868402753233e+02
3.017834247180393845e+02 2.769305386543273926e+02
2.832747901507786423e+02 2.747161777360098540e+02
