1.231502593585423142e+02 9.114675396510533574e+02
1.158858564240591704e+02 8.276073908124651552e+02
1.183963866233825684e+02 7.488331714357648252e+02
1.220310667582920701e+02 6.777380339758736909e+02
1.300423748833792388e+02 6.005815371785845400e+02
1.540763416290283203e+02 5.269241352762494444e+02
1.872454062870570510e+02 4.685258564267840029e+02
2.380431367329188674e+02 4.095103469576155248e+02
3.202813895089285552e+02 3.623771465846471074e+02
4.142071323394775391e+02 3.696921821321760717e+02
4.853114641734531460e+02 4.026768932342529297e+02
5.426606310435703335e+02 4.423992797987801850e+02
5.955718811580112515e+02 5.012820004735674502e+02
6.359784859248569546e+02 5.718133787427630068e+02
6.680312179837908388e+02 6.351312620980398833e+02
7.024060167585099634e+02 7.056961765289306641e+02
7.301591290065219937e+02 7.853956804275512695e+02
1.778991343634469331e+02 9.525541891370501162e+02
2.167302810123988479e+02 9.680966217858450591e+02
2.625799552372523635e+02 9.600546798706054688e+02
3.022214355468750000e+02 9.374062671661376953e+02
3.376091831752231656e+02 9.118487036568778876e+02
5.037415658405848262e+02 8.763479965754918339e+02
5.482791986465454102e+02 8.832021270479474424e+02
5.977637436730520903e+02 8.855191516876220703e+02
6.480670964377267182e+02 8.743747228894915224e+02
6.821790716988699614e+02 8.456560742514474214e+02
4.001587642942156435e+02 8.034065271105084776e+02
3.857882965632846890e+02 7.435261109215872466e+02
3.719913120269775391e+02 6.871846389770507812e+02
3.623323466437203706e+02 6.433739972795758604e+02
3.144363945552280484e+02 6.379223266329083799e+02
3.323538569041660367e+02 6.245262507029942753e+02
3.596220824377877534e+02 6.102676407950265229e+02
3.914698689324515044e+02 6.108855705261230469e+02
4.166847407477242768e+02 6.144936632428850771e+02
2.124611255100795120e+02 8.666789470400128721e+02
2.435950980867658018e+02 8.768017834254674199e+02
2.865362994330269544e+02 8.666022566386632207e+02
3.220186177662440059e+02 8.341276002611432432e+02
2.813851619447980283e+02 8.311242177145821870e+02
2.377787878853933989e+02 8.413912828990391972e+02
4.976092996597290039e+02 7.990807647705078125e+02
5.405968542098999023e+02 8.141068295070103886e+02
5.836995714732578335e+02 8.067366277149745883e+02
6.123458091190882442e+02 7.863310491016933383e+02
5.768223067692347286e+02 7.726592266900198638e+02
5.312639713287353516e+02 7.805963442666189849e+02
2.445672018868582427e+02 5.629482225690569521e+02
2.775790300369262695e+02 5.705310813358852329e+02
3.249486995424542783e+02 5.733197307586669922e+02
3.486031123570032833e+02 5.628861923217773438e+02
3.752601874215262114e+02 5.619812455858502744e+02
4.235949696132114468e+02 5.377991943359375000e+02
4.589465753010340450e+02 5.153158990315029087e+02
4.118451950890677153e+02 4.882764312199184360e+02
3.725748370034353911e+02 4.757810649871826172e+02
3.344516995293753325e+02 4.794359769821166992e+02
2.986067754200526565e+02 4.923194983346121489e+02
2.702061589104788482e+02 5.198465221949986699e+02
2.519753675460815430e+02 5.619671786172049224e+02
3.142672943387713076e+02 5.472915593555995883e+02
3.457268409729003906e+02 5.408783775057111143e+02
3.798933469227381465e+02 5.331599758693150761e+02
4.489385626656668364e+02 5.183164427621023833e+02
3.773519710813250185e+02 5.165820956911359190e+02
3.427423132487705288e+02 5.203706438882010161e+02
3.102562168666294156e+02 5.310200170789446474e+02
