1.991505244800022751e+02 6.066573799678258183e+02
2.004856737000601754e+02 5.765880263192312896e+02
2.052883836882455171e+02 5.491633845738001583e+02
2.080123722893851266e+02 5.241937879834856631e+02
2.087294419152396188e+02 4.960607055255345017e+02
2.074703441347394630e+02 4.709969837324960054e+02
2.057709331512451172e+02 4.516079232352120698e+02
2.103219498225620896e+02 4.332115880421229690e+02
2.318700937543596581e+02 4.208329076766967773e+02
2.644446033750261904e+02 4.270598117283412307e+02
2.974174593516758591e+02 4.408946308408464461e+02
3.263029661178588867e+02 4.575190521648951858e+02
3.496847964695521682e+02 4.810610831805637986e+02
3.627965265001569719e+02 5.086846517835344343e+02
3.700254313605172456e+02 5.332438938958304107e+02
3.765364814485822649e+02 5.598017031805856050e+02
3.813356505802699417e+02 5.893840351104736328e+02
1.683114886965070411e+02 6.314371558598109004e+02
1.691864805221557617e+02 6.410635438646588682e+02
1.757690251214163482e+02 6.430175886154174805e+02
1.837650488444737107e+02 6.402976873942784550e+02
1.930373973846435547e+02 6.353942169461931826e+02
2.416459059034075096e+02 6.320402714865548432e+02
2.554289053508213669e+02 6.358562063489641787e+02
2.728081680025372862e+02 6.367436681474957823e+02
2.932871272223336518e+02 6.323863517216273067e+02
3.126734397070748628e+02 6.195002050399780273e+02
2.164700005395071969e+02 5.921471039908273042e+02
2.094309625625610352e+02 5.698263605662755253e+02
2.020225978578839943e+02 5.493398423876080869e+02
2.003353489467075974e+02 5.331308789934430479e+02
2.016107808521815628e+02 5.233361309596471074e+02
2.044350911549159378e+02 5.207896547317504883e+02
2.111794375010899216e+02 5.178746369225638091e+02
2.208954553604125977e+02 5.190522026334490420e+02
2.301515313557216018e+02 5.201842144557408574e+02
1.780600054604666411e+02 6.036032680783953310e+02
1.795040745053972557e+02 6.086796862738473237e+02
1.915063772201538086e+02 6.069334897994995117e+02
2.042968745912824318e+02 5.978607070105416597e+02
1.924935834067208305e+02 5.948126145771570918e+02
1.818056620189121872e+02 5.962972495215279878e+02
2.525243253707885742e+02 5.933275177819388091e+02
2.618039865493774414e+02 6.014129866191319707e+02
2.744798217500958799e+02 6.011369999476842167e+02
2.898739570890154482e+02 5.930507151739938081e+02
2.758803382601056455e+02 5.878433776582990049e+02
2.612040269034249604e+02 5.886948766708374023e+02
1.937570071901593849e+02 4.919992892401559175e+02
1.945735748835972458e+02 4.962356931141444534e+02
2.025814681734357521e+02 5.002235596520559966e+02
2.085800793511527047e+02 4.978010441916329682e+02
2.159638581957135841e+02 4.984819201060703904e+02
2.335355433055332810e+02 4.909889905112130464e+02
2.531291344506400094e+02 4.831772452763148635e+02
2.355459492547171578e+02 4.748551702499389648e+02
2.228709761755807222e+02 4.700908862522670120e+02
2.116957867486136422e+02 4.701695856366838484e+02
2.025482149124145508e+02 4.728592664173671096e+02
1.969274285180228219e+02 4.804759258542741804e+02
1.961880361012050003e+02 4.921929125104631453e+02
2.044217436654227242e+02 4.901624160494122862e+02
2.112611235209873826e+02 4.894798466818673432e+02
2.214234124592372268e+02 4.878306234904698044e+02
2.500298227582659081e+02 4.840598114558628708e+02
2.219387456348964065e+02 4.839974000113351167e+02
2.123580654689243943e+02 4.844451798030308396e+02
2.045609301158360154e+02 4.867036766324724226e+02
