9.263107156753540039e+01 3.479246946062360735e+02
9.328246068954467773e+01 3.282604289736066221e+02
9.549111849921089856e+01 3.099287035805838286e+02
9.825983483450752942e+01 2.926582574844360352e+02
1.038945627212524414e+02 2.730716823169163376e+02
1.158525208064487941e+02 2.563458826201302827e+02
1.309135758536202445e+02 2.438856509072440133e+02
1.492871804918561622e+02 2.316958669934954287e+02
1.718965958186558112e+02 2.239058479581560732e+02
1.912255548749650984e+02 2.283242540359497070e+02
2.009479321071079596e+02 2.386296693256923618e+02
2.066474576677594825e+02 2.495715316363743455e+02
2.123450561250959083e+02 2.651762742315020205e+02
2.163868592126028716e+02 2.841722439357212693e+02
2.198773321424211531e+02 3.006866733006069126e+02
2.241521925245012312e+02 3.184329353060040830e+02
2.267199683870587990e+02 3.378065561567034365e+02
1.279487791061401367e+02 3.615148715972900391e+02
1.401596577508108794e+02 3.651490124293736130e+02
1.529640842165265724e+02 3.658983736038208008e+02
1.640007835115705177e+02 3.638031046731131255e+02
1.729732449395315825e+02 3.604518250056675583e+02
2.067254348482404396e+02 3.569543769018990815e+02
2.146822470256260260e+02 3.585333325522286714e+02
2.226175790514264747e+02 3.586323762621198625e+02
2.296814185551234573e+02 3.564490152086530657e+02
2.328307189941406250e+02 3.525402574539184570e+02
1.899651541028703718e+02 3.419968966075352341e+02
1.921871042251586914e+02 3.295966824122837693e+02
1.940727795192173346e+02 3.170420743397304477e+02
1.937407255172729492e+02 3.069823694229125977e+02
1.729210157394409180e+02 3.022579393386840820e+02
1.792836904525756836e+02 3.001023473739624023e+02
1.866273453576224028e+02 2.977612928662981631e+02
1.929365124021257429e+02 2.985620559964861513e+02
1.963945817947387695e+02 2.996278099332537295e+02
1.413219172613961234e+02 3.467854945319039643e+02
1.505672659192766503e+02 3.496826170512608201e+02
1.589479750224521979e+02 3.493934481484549224e+02
1.655769378117152542e+02 3.443954163960048049e+02
1.587945775985717773e+02 3.427973965236118943e+02
1.492002634320940331e+02 3.432147883006504685e+02
2.006300822666713088e+02 3.412654339926583589e+02
2.098174016135079398e+02 3.446492958068847656e+02
2.181198891230991705e+02 3.436488753727504104e+02
2.212984815325055763e+02 3.404253391538347842e+02
2.164936959402901664e+02 3.376787939071655273e+02
2.083152010781424224e+02 3.384826122011457414e+02
1.490475428444998443e+02 2.808560093470982224e+02
1.630129315512520805e+02 2.861808778217861118e+02
1.780826726640973732e+02 2.879120840345110537e+02
1.841249217987060547e+02 2.859857797622680664e+02
1.899958655493599906e+02 2.864797856467110932e+02
1.988429524557930961e+02 2.818921986988613071e+02
2.024215739113943755e+02 2.745734551293509185e+02
1.950344604764665633e+02 2.653033737455095888e+02
1.883700483867100104e+02 2.611844865253993930e+02
1.800252586092267677e+02 2.612466238566807419e+02
1.708522092274257034e+02 2.632231644221714646e+02
1.610834029061453521e+02 2.690866911751883208e+02
1.505684315817696586e+02 2.808846902847290039e+02
1.734306452614920318e+02 2.823891187395368547e+02
1.824154119491577148e+02 2.814817256927490234e+02
1.897248678207397461e+02 2.804401028496878325e+02
2.005535433632986724e+02 2.748715545109340610e+02
1.879714670181274414e+02 2.693459946768624604e+02
1.804720833642141997e+02 2.690584990637643159e+02
1.720454433986118659e+02 2.711116537366594912e+02
