3.809010174274444580e+02 5.948513116836547852e+02
3.856506778512682558e+02 5.427008316176278413e+02
3.958810805933816255e+02 4.945033409254891694e+02
4.049750922748020798e+02 4.506091408048357607e+02
4.189060698236737608e+02 4.061415539809635220e+02
4.427820279257638276e+02 3.775219574996402798e+02
4.697568108694894136e+02 3.673205997603280366e+02
5.071328862735203415e+02 3.610099231175013301e+02
5.669917254447937012e+02 3.576344535010201753e+02
6.319019521985735537e+02 3.668686623573303223e+02
6.818885582515172246e+02 3.764126656396048247e+02
7.231685092789786040e+02 3.890287212303705928e+02
7.581191210065569521e+02 4.185154069151196836e+02
7.783781311852591216e+02 4.629297895431518555e+02
7.903963710239955844e+02 5.073443284034729004e+02
8.012291486603872954e+02 5.570791732243128536e+02
8.076473983355931523e+02 6.115544465609959843e+02
4.083392279488699614e+02 6.992509538105555293e+02
4.294257295472281157e+02 7.255575170516967773e+02
4.586847705841064453e+02 7.392604522705078125e+02
4.872483222825186431e+02 7.411551806586129487e+02
5.132282748222351074e+02 7.368939307757786992e+02
6.170569589478628814e+02 7.420135208538599727e+02
6.440070287840707124e+02 7.485908718109130859e+02
6.749516457830156924e+02 7.490087221690587285e+02
7.091553535461425781e+02 7.381909428324017881e+02
7.385259160314287783e+02 7.135496453557695986e+02
5.647883956772940337e+02 6.965585317611694336e+02
5.632640230315072358e+02 6.732873630523681641e+02
5.607141416413443267e+02 6.496061271939959170e+02
5.599352810723440825e+02 6.232798786844525694e+02
5.324883357456751583e+02 5.775592947006225586e+02
5.458168815885271670e+02 5.785129934038434385e+02
5.641973831312997163e+02 5.769030906813485444e+02
5.832664145742144228e+02 5.798025631223406435e+02
5.986056699752807617e+02 5.796014495577130674e+02
4.452143942287989944e+02 6.684646427290780366e+02
4.630089394705636323e+02 6.868319355419703243e+02
4.891458912576948137e+02 6.893560244015284297e+02
5.139732471874781368e+02 6.758616734913416622e+02
4.913608674321856142e+02 6.700901686804635347e+02
4.640758923803057314e+02 6.656893039430890440e+02
6.251074667658124326e+02 6.805440120015825869e+02
6.489238577570233701e+02 6.958809097153799712e+02
6.751288700103759766e+02 6.952386245727539062e+02
6.971643549374172153e+02 6.786578337805611909e+02
6.750508106776646855e+02 6.742981575557164433e+02
6.466689145224435151e+02 6.766163038526262881e+02
4.962879509244646670e+02 4.926042096274239839e+02
5.205902811459131954e+02 5.184742882592337310e+02
5.497453566959925411e+02 5.339307462828500093e+02
5.648809704099382998e+02 5.311874493190219937e+02
5.800175499234881045e+02 5.349857119151523648e+02
6.104639279501778901e+02 5.209348047801425992e+02
6.368381255694798710e+02 4.964871217182703731e+02
6.074142168590001347e+02 4.915644979476928711e+02
5.854315100397382139e+02 4.870994643483843447e+02
5.636333277566092193e+02 4.862895561626978633e+02
5.423323050226483701e+02 4.855657461711338101e+02
5.219253286634173037e+02 4.886731779915945708e+02
5.022115123612539946e+02 4.945317183903284786e+02
5.460580474308558223e+02 5.109734340395245908e+02
5.653112625394549013e+02 5.131610269546508789e+02
5.851235619953699825e+02 5.119397733552115142e+02
6.308511622292654693e+02 4.982184595380510927e+02
5.831304640769958496e+02 5.084869261469159483e+02
5.641123075485229492e+02 5.078450102806091309e+02
5.453922422272818267e+02 5.072279495511736513e+02
